PillowData_KNN: [0.09876543 0.11111111 0.09053498 0.09053498 0.09876543]
PillowData_Naive Bayes: [0.06995885 0.04115226 0.06584362 0.06584362 0.09876543]
PillowData_Decision Tree: [0.12345679 0.12757202 0.16049383 0.17283951 0.12345679]
PillowData_Random Forest: [0.218107   0.19753086 0.24279835 0.18930041 0.2345679 ]
PillowData_SVC: [0.04938272 0.04938272 0.04938272 0.04938272 0.04938272]
PillowData_LinearSVC: [0.14814815 0.14403292 0.16460905 0.16460905 0.16049383]
dataOpenCV_1D_KNN: [0.08230453 0.09876543 0.10699588 0.09053498 0.08641975]
dataOpenCV_1D_Naive Bayes: [0.07407407 0.05349794 0.07407407 0.0617284  0.09465021]
dataOpenCV_1D_Decision Tree: [0.15226337 0.16049383 0.16049383 0.1563786  0.16460905]
dataOpenCV_1D_Random Forest: [0.17695473 0.23045267 0.22222222 0.19341564 0.19341564]
dataOpenCV_1D_SVC: [0.04938272 0.04938272 0.04938272 0.04938272 0.04938272]
dataOpenCV_1D_LinearSVC: [0.1399177  0.1563786  0.19341564 0.16460905 0.1563786 ]
dataOpenCV_2D_KNN: [0.18106996 0.14814815 0.14403292 0.13580247 0.14403292]
dataOpenCV_2D_Naive Bayes: [0.20164609 0.18930041 0.16049383 0.19753086 0.22222222]
dataOpenCV_2D_Decision Tree: [0.26337449 0.32098765 0.27572016 0.25925926 0.30864198]
dataOpenCV_2D_Random Forest: [0.34979424 0.35802469 0.34567901 0.34979424 0.34979424]
dataOpenCV_2D_SVC: [0.04938272 0.04938272 0.04938272 0.04938272 0.04938272]
dataOpenCV_2D_LinearSVC: [0.37860082 0.33333333 0.35390947 0.36625514 0.31687243]
dataOpenCV_3D_KNN: [0.218107   0.15226337 0.14814815 0.16872428 0.19341564]
dataOpenCV_3D_Naive Bayes: [0.25925926 0.20987654 0.24691358 0.26748971 0.24279835]
dataOpenCV_3D_Decision Tree: [0.33744856 0.32098765 0.29218107 0.28806584 0.3127572 ]
dataOpenCV_3D_Random Forest: [0.40740741 0.41975309 0.42798354 0.37860082 0.42386831]
dataOpenCV_3D_SVC: [0.04938272 0.04938272 0.04938272 0.04938272 0.04938272]
dataOpenCV_3D_LinearSVC: [0.35802469 0.34567901 0.35802469 0.34156379 0.37860082]
PillowData_KNN: [0.09876543 0.11111111 0.09053498 0.09053498 0.09876543]
PillowData_Naive Bayes: [0.06995885 0.04115226 0.06584362 0.06584362 0.09876543]
PillowData_Decision Tree: [0.12757202 0.12757202 0.16872428 0.11111111 0.13168724]
PillowData_Random Forest: [0.17695473 0.20576132 0.25514403 0.17283951 0.21399177]
PillowData_SVC: [0.04938272 0.04938272 0.04938272 0.04938272 0.04938272]
PillowData_LinearSVC: [0.16049383 0.16460905 0.18106996 0.16872428 0.16460905]
dataOpenCV_1D_KNN: [0.08230453 0.09876543 0.10699588 0.09053498 0.08641975]
dataOpenCV_1D_Naive Bayes: [0.07407407 0.05349794 0.07407407 0.0617284  0.09465021]
dataOpenCV_1D_Decision Tree: [0.11111111 0.14403292 0.18106996 0.16049383 0.16049383]
dataOpenCV_1D_Random Forest: [0.17695473 0.24279835 0.21399177 0.19753086 0.17283951]
dataOpenCV_1D_SVC: [0.04938272 0.04938272 0.04938272 0.04938272 0.04938272]
dataOpenCV_1D_LinearSVC: [0.18518519 0.13168724 0.16460905 0.12757202 0.16872428]
dataOpenCV_2D_KNN: [0.18106996 0.14814815 0.14403292 0.13580247 0.14403292]
dataOpenCV_2D_Naive Bayes: [0.20164609 0.18930041 0.16049383 0.19753086 0.22222222]
dataOpenCV_2D_Decision Tree: [0.23868313 0.31687243 0.27160494 0.25514403 0.2962963 ]
dataOpenCV_2D_Random Forest: [0.37037037 0.34979424 0.3909465  0.3744856  0.3744856 ]
dataOpenCV_2D_SVC: [0.04938272 0.04938272 0.04938272 0.04938272 0.04938272]
dataOpenCV_2D_LinearSVC: [0.38271605 0.32921811 0.36625514 0.3744856  0.33333333]
dataOpenCV_3D_KNN: [0.218107   0.15226337 0.14814815 0.16872428 0.19341564]
dataOpenCV_3D_Naive Bayes: [0.25925926 0.20987654 0.24691358 0.26748971 0.24279835]
dataOpenCV_3D_Decision Tree: [0.33333333 0.31687243 0.2962963  0.29218107 0.3127572 ]
dataOpenCV_3D_Random Forest: [0.38271605 0.35802469 0.3744856  0.41563786 0.39917695]
dataOpenCV_3D_SVC: [0.04938272 0.04938272 0.04938272 0.04938272 0.04938272]
dataOpenCV_3D_LinearSVC: [0.35390947 0.31687243 0.37037037 0.34567901 0.35390947]
